202239
202237
202236
202235
202234
202232
202229
202228
202226
202225
202224
202219
202218
202213
202212
202211
202210
202209
202208
202207
202206
202205
202201
202200
202195
202186
202185
202181
202178
202174
202173
202172
202171
202170
202169
202168
202166
202165
202159
202158
202155
202154
202153
202150
202148
202147
202146
202145
202142
202141
202140
202139
202138
202136
202134
202133
202131
202127
202125
202124
202117
202116
202115
202114
202110
202108
202106
202104
202103
202100
202099
202097
202090
202087
202086
202083
202078
202077
202075
202065
202064
202063
202061
202057
202053
202052
202049
202048
202047
202046
202044
202043
202042
202041
202040
202039
202038
202035
202034
202031
202029
202027
202026
202025
202022
202020
202006
202005
201997
201983
201982
201981
201980
201979
201977
201976
201973
201972
201971
201968
201965
201964
201962
201961
201960
201959
201957
201956
201955
201953
201952
201949
201948
201946
201945
201894
201893
201885
201879
201878
201877
201876
201875
201868
201859
201858
201854
201850
201847
201846
201845
201843
201842
201840
201833
201830
201829
201827
201826
201820
201819
201816
201815
201814
201795
201790
201786
201785
201778
201774
201762
201757
201751
201746
201744
201743
201740
201739
201738
201736
201735
201733
201724
201719
201718
201716
201710
201709
201699
201693
201692
201691
201690
201688
201685
201682
201680
201666
201663
201657
201656
201654
201653
201650
201649
201647
201639
201638
201637
201619
201617
201587
201586
201580
201576
201575
201569
201558
201554
201553
201549
201547
201543
201541
201534
201532
201530
201525
201521
201514
201504
201493
201490
201486
201481
201476
201470
201466
201465
201461
201459
201451
201450
201449
201448
201447
201446
201443
201442
201440
201439
201436
201435
201434
201432
201431
201429
201427
201425
201424
201420
201419
201418
201416
201414
201413
201412
201410
201408
201407
201406
201403
201402
201399
201397
201395
201391
201389
201387
201386
201137
201136
201135
201134
201128
201127
201126
201125
201124
201123
201122
201121
201120
201117
201116
201115
201114
201113
201112
201111
201110
201109
201108
201107
201105
201104
201103
201102
201101
201096
201095
201093
201092
201091
201090
201087
201085
201084
200961
200958
200956
200948
200946
200945
200944
200943
200942
200938
200927
200925
200923
200921
200843
200840
200839
200835
200833
200830
200829
200827
200823
200821
200819
200818
200817
200816
200815
200813
200812
200811
200806
200805
200786
200785
200784
200782
200781
200779
200778
200777
200776
200775
200774
200772
200770
200769
200767
200766
200765
200764
200763
200762
200761
200760
200759
200757
200754
200752
200751
200749
200748
200747
200746
200743
200742
200741
200740
200739
200719
200711
200710
200701
200694
200693
200687
200684
200682
200681
200679
200676
200671
200670
200668
200664
200650
200649
200648
200636
200635
200633
200632
200631
200630
200628
200620
200619
200613
200612
200611
200609
200605
200602
200600
200597
200594
200593
200592
200589
200585
200584
200583
200582
200581
200580
200577
200576
200575
200572
200571
200570
200569
200567
200566
200565
200564
200561
200560
200559
200558
200476
200474
200472
200469
200468
200467
200464
200461
200459
200454
200450
200441
200440
200439
200437
200436
200433
200432
200431
200426
200423
200421
200419
200416
200414
200409
200407
200405
200400
200397
200396
200395
200393
200390
200388
200384
200381
200380
200376
200374
200373
200372
200362
200361
200360
200358
200356
200353
200351
200350
200348
200346
200345
200338
200332
200319
200318
200317
200316
200313
200308
200303
200300
200299
200298
200297
200296
200293
200286
200285
200280
200278
200275
200274
200273
200272
200270
200267
200262
200258
200252
200251
200250
200247
200246
200245
200243
200242
200236
200235
200234
200233
200213
200210
200206
200205
200203
200202
200201
200187
200185
200178
200167
200166
200161
200156
200155
200146
200143
200139
200135
200131
200129
200128
200125
200122
200121
200116
200081
200078
200077
200061
200057
200031
200028
200027
200026
200021
200019
200013
200006
200004